0.00 0.00 0.00
100.00 0.00 0.00
200.00 0.00 0.00
300.00 0.00 0.00
400.00 0.00 0.00
500.00 0.00 0.00
600.00 0.00 0.00
700.00 0.00 0.00
800.00 0.00 0.00
900.00 0.00 0.00
1000.00 0.00 0.00
1100.00 0.00 0.00
1200.00 0.00 0.00
1300.00 0.00 0.00
1400.00 0.00 0.00
1500.00 0.00 0.00
1600.00 0.00 0.00
1700.00 0.00 0.00
1800.00 0.00 0.00
1900.00 0.00 0.00
2000.00 0.00 0.00
2100.00 0.00 0.00
2200.00 0.00 0.00
2300.00 0.00 0.00
2400.00 0.00 0.00
2500.00 0.00 0.00
2600.00 0.00 0.00
2700.00 0.00 0.00
2800.00 0.00 0.00
2900.00 0.00 0.00
3000.00 0.00 0.00
3100.00 0.00 0.00
3200.00 0.00 0.00
3300.00 0.00 0.00
3400.00 0.00 0.00
3500.00 0.00 0.00
3600.00 0.00 0.00
3700.00 0.00 0.00
3800.00 0.00 0.00
3900.00 0.00 0.00
4000.00 0.00 0.00
4100.00 0.00 0.00
4200.00 0.00 0.00
4300.00 0.00 0.00
4400.00 0.00 0.00
4500.00 0.00 0.00
4600.00 0.00 0.00
4700.00 0.00 0.00
4800.00 0.00 0.00
4900.00 0.00 0.00
5000.00 0.00 0.00
5100.00 0.00 0.00
5200.00 0.00 0.00
5300.00 0.00 0.00
5400.00 0.00 0.00
5500.00 0.00 0.00
5600.00 0.00 0.00
5700.00 0.00 0.00
5800.00 0.00 0.00
5900.00 0.00 0.00
6000.00 0.00 0.00
6100.00 0.00 0.00
6200.00 0.00 0.00
6300.00 0.00 0.00
6400.00 0.00 0.00
6500.00 0.00 0.00
6600.00 0.00 0.00
6700.00 0.00 0.00
6800.00 0.00 0.00
6900.00 0.00 0.00
7000.00 0.00 0.00
7100.00 0.00 0.00
7200.00 0.00 0.00
7300.00 0.00 0.00
7400.00 0.00 0.00
7500.00 0.00 0.00
7600.00 0.00 0.00
7700.00 0.00 0.00
7800.00 0.00 0.00
7900.00 0.00 0.00
8000.00 0.00 0.00
8100.00 0.00 0.00
8200.00 0.00 0.00
8300.00 0.00 0.00
8400.00 0.00 0.00
8500.00 0.00 0.00
8600.00 0.00 0.00
8700.00 0.00 0.00
8800.00 0.00 0.00
8900.00 0.00 0.00
9000.00 0.00 0.00
9100.00 0.00 0.00
9200.00 0.00 0.00
9300.00 0.00 0.00
9400.00 0.00 0.00
9500.00 0.00 0.00
9600.00 0.00 0.00
9700.00 0.00 0.00
9800.00 0.00 0.00
9900.00 0.00 0.00
10000.00 0.00 0.00
10100.00 0.00 0.00
10200.00 0.00 0.00
10300.00 0.00 0.00
10400.00 0.00 0.00
10500.00 0.00 0.00
10600.00 0.00 0.00
10700.00 0.00 0.00
10800.00 0.00 0.00
10900.00 0.00 0.00
11000.00 0.00 0.00
11100.00 0.00 0.00
11200.00 0.00 0.00
11300.00 0.00 0.00
11400.00 0.00 0.00
11500.00 0.00 0.00
11600.00 0.00 0.00
11700.00 0.00 0.00
11800.00 0.00 0.00
11900.00 0.00 0.00
12000.00 0.00 0.00
12100.00 0.00 0.00
12200.00 0.00 0.00
12300.00 0.00 0.00
12400.00 0.00 0.00
12500.00 0.00 0.00
12600.00 3.60 6.00
12700.00 15.60 26.00
12800.00 27.60 46.00
12900.00 39.60 66.00
13000.00 51.60 86.00
13100.00 63.60 106.00
13200.00 75.60 126.00
13300.00 87.60 146.00
13400.00 99.60 166.00
13500.00 111.60 186.00
13600.00 123.60 206.00
13700.00 135.60 226.00
13800.00 147.60 246.00
13900.00 159.60 266.00
14000.00 171.60 286.00
14100.00 183.60 306.00
14200.00 195.60 326.00
14300.00 207.60 346.00
14400.00 219.60 366.00
14500.00 231.60 386.00
14600.00 243.60 406.00
14700.00 255.60 426.00
14800.00 267.60 446.00
14900.00 279.60 466.00
15000.00 291.60 486.00
15100.00 303.60 506.00
15200.00 315.60 526.00
15300.00 327.60 546.00
15400.00 339.60 566.00
15500.00 351.60 586.00
15600.00 363.60 606.00
15700.00 375.60 626.00
15800.00 387.60 646.00
15900.00 399.60 666.00
16000.00 411.60 686.00
16100.00 423.60 706.00
16200.00 435.60 726.00
16300.00 447.60 746.00
16400.00 459.60 766.00
16500.00 471.60 786.00
16600.00 483.60 806.00
16700.00 495.60 826.00
16800.00 507.60 846.00
16900.00 519.60 866.00
17000.00 531.60 886.00
17100.00 543.60 906.00
17200.00 555.60 926.00
17300.00 567.60 946.00
17400.00 579.60 966.00
17500.00 591.60 986.00
17600.00 603.60 1006.00
17700.00 615.60 1026.00
17800.00 627.60 1046.00
17900.00 639.60 1066.00
18000.00 651.60 1086.00
18100.00 663.60 1106.00
18200.00 675.60 1126.00
18300.00 687.60 1146.00
18400.00 699.60 1166.00
18500.00 711.60 1186.00
18600.00 723.60 1206.00
18700.00 735.60 1226.00
18800.00 747.60 1246.00
18900.00 759.60 1266.00
19000.00 771.60 1286.00
19100.00 783.60 1306.00
19200.00 795.60 1326.00
19300.00 807.60 1346.00
19400.00 819.60 1366.00
19500.00 831.60 1386.00
19600.00 843.60 1406.00
19700.00 855.60 1426.00
19800.00 867.60 1446.00
19900.00 879.60 1466.00
20000.00 891.60 1486.00
20100.00 903.60 1506.00
20200.00 915.60 1526.00
20300.00 927.60 1546.00
20400.00 939.60 1566.00
20500.00 951.60 1586.00
20600.00 963.60 1606.00
20700.00 975.60 1626.00
20800.00 987.60 1646.00
20900.00 999.60 1666.00
21000.00 1011.60 1686.00
21100.00 1023.60 1706.00
21200.00 1035.60 1726.00
21300.00 1047.60 1746.00
21400.00 1059.60 1766.00
21500.00 1071.60 1786.00
21600.00 1083.60 1806.00
21700.00 1095.60 1826.00
21800.00 1107.60 1846.00
21900.00 1119.60 1866.00
22000.00 1131.60 1886.00
22100.00 1143.60 1906.00
22200.00 1155.60 1926.00
22300.00 1167.60 1946.00
22400.00 1179.60 1966.00
22500.00 1191.60 1986.00
22600.00 1203.60 2006.00
22700.00 1215.60 2026.00
22800.00 1227.60 2046.00
22900.00 1239.60 2066.00
23000.00 1251.60 2086.00
23100.00 1263.60 2106.00
23200.00 1275.60 2126.00
23300.00 1287.60 2146.00
23400.00 1299.60 2166.00
23500.00 1311.60 2186.00
23600.00 1323.60 2206.00
23700.00 1335.60 2226.00
23800.00 1347.60 2246.00
23900.00 1359.60 2266.00
24000.00 1371.60 2286.00
24100.00 1383.60 2306.00
24200.00 1395.60 2326.00
24300.00 1407.60 2346.00
24400.00 1419.60 2366.00
24500.00 1431.60 2386.00
24600.00 1443.60 2406.00
24700.00 1455.60 2426.00
24800.00 1467.60 2446.00
24900.00 1479.60 2466.00
25000.00 1491.60 2486.00
25100.00 1503.60 2506.00
25200.00 1515.60 2526.00
25300.00 1527.60 2546.00
25400.00 1539.60 2566.00
25500.00 1551.60 2586.00
25600.00 1563.60 2606.00
25700.00 1575.60 2626.00
25800.00 1587.60 2646.00
25900.00 1599.60 2666.00
26000.00 1611.60 2686.00
26100.00 1623.60 2706.00
26200.00 1635.60 2726.00
26300.00 1647.60 2746.00
26400.00 1659.60 2766.00
26500.00 1671.60 2786.00
26600.00 1683.60 2806.00
26700.00 1695.60 2826.00
26800.00 1707.60 2846.00
26900.00 1719.60 2866.00
27000.00 1731.60 2886.00
27100.00 1743.60 2906.00
27200.00 1755.60 2926.00
27300.00 1767.60 2946.00
27400.00 1779.60 2966.00
27500.00 1791.60 2986.00
27600.00 1803.60 3006.00
27700.00 1815.60 3026.00
27800.00 1827.60 3046.00
27900.00 1839.60 3066.00
28000.00 1851.60 3086.00
28100.00 1863.60 3106.00
28200.00 1875.60 3126.00
28300.00 1887.60 3146.00
28400.00 1899.60 3166.00
28500.00 1911.60 3186.00
28600.00 1923.60 3206.00
28700.00 1935.60 3226.00
28800.00 1947.60 3246.00
28900.00 1959.60 3266.00
29000.00 1971.60 3286.00
29100.00 1983.60 3306.00
29200.00 1995.60 3326.00
29300.00 2007.60 3346.00
29400.00 2019.60 3366.00
29500.00 2031.60 3386.00
29600.00 2043.60 3406.00
29700.00 2055.60 3426.00
29800.00 2067.60 3446.00
29900.00 2079.60 3466.00
30000.00 2091.60 3486.00
30100.00 2103.60 3506.00
30200.00 2115.60 3526.00
30300.00 2127.60 3546.00
30400.00 2139.60 3566.00
30500.00 2151.60 3586.00
30600.00 2163.60 3606.00
30700.00 2175.60 3626.00
30800.00 2187.60 3646.00
30900.00 2199.60 3666.00
31000.00 2211.60 3686.00
31100.00 2223.60 3706.00
31200.00 2235.60 3726.00
31300.00 2247.60 3746.00
31400.00 2259.60 3766.00
31500.00 2271.60 3786.00
31600.00 2283.60 3806.00
31700.00 2295.60 3826.00
31800.00 2307.60 3846.00
31900.00 2319.60 3866.00
32000.00 2331.60 3886.00
32100.00 2343.60 3906.00
32200.00 2355.60 3926.00
32300.00 2367.60 3946.00
32400.00 2379.60 3966.00
32500.00 2391.60 3986.00
32600.00 2403.60 4006.00
32700.00 2415.60 4026.00
32800.00 2427.60 4046.00
32900.00 2439.60 4066.00
33000.00 2451.60 4086.00
33100.00 2463.60 4106.00
33200.00 2475.60 4126.00
33300.00 2487.60 4146.00
33400.00 2499.60 4166.00
33500.00 2511.60 4186.00
33600.00 2523.60 4206.00
33700.00 2535.60 4226.00
33800.00 2547.60 4246.00
33900.00 2559.60 4266.00
34000.00 2571.60 4286.00
34100.00 2583.60 4306.00
34200.00 2595.60 4326.00
34300.00 2607.60 4346.00
34400.00 2619.60 4366.00
34500.00 2631.60 4386.00
34600.00 2643.60 4406.00
34700.00 2655.60 4426.00
34800.00 2667.60 4446.00
34900.00 2679.60 4466.00
35000.00 2691.60 4486.00
35100.00 2703.60 4506.00
35200.00 2715.60 4526.00
35300.00 2727.60 4546.00
35400.00 2739.60 4566.00
35500.00 2751.60 4586.00
35600.00 2763.60 4606.00
35700.00 2775.60 4626.00
35800.00 2787.60 4646.00
35900.00 2799.60 4666.00
36000.00 2811.60 4686.00
36100.00 2823.60 4706.00
36200.00 2835.60 4726.00
36300.00 2847.60 4746.00
36400.00 2859.60 4766.00
36500.00 2871.60 4786.00
36600.00 2883.60 4806.00
36700.00 2895.60 4826.00
36800.00 2907.60 4846.00
36900.00 2919.60 4866.00
37000.00 2931.60 4886.00
37100.00 2943.60 4906.00
37200.00 2955.60 4926.00
37300.00 2967.60 4946.00
37400.00 2979.60 4966.00
37500.00 2991.60 4986.00
37600.00 3003.60 5006.00
37700.00 3015.60 5026.00
37800.00 3027.60 5046.00
37900.00 3039.60 5066.00
38000.00 3051.60 5086.00
38100.00 3063.60 5106.00
38200.00 3075.60 5126.00
38300.00 3087.60 5146.00
38400.00 3099.60 5166.00
38500.00 3111.60 5186.00
38600.00 3123.60 5206.00
38700.00 3135.60 5226.00
38800.00 3147.60 5246.00
38900.00 3159.60 5266.00
39000.00 3171.60 5286.00
39100.00 3183.60 5306.00
39200.00 3195.60 5326.00
39300.00 3207.60 5346.00
39400.00 3219.60 5366.00
39500.00 3231.60 5386.00
39600.00 3243.60 5406.00
39700.00 3255.60 5426.00
39800.00 3267.60 5446.00
39900.00 3279.60 5466.00
40000.00 3291.60 5486.00
40100.00 3303.60 5506.00
40200.00 3315.60 5526.00
40300.00 3327.60 5546.00
40400.00 3339.60 5566.00
40500.00 3351.60 5586.00
40600.00 3363.60 5606.00
40700.00 3375.60 5626.00
40800.00 3387.60 5646.00
40900.00 3399.60 5666.00
41000.00 3411.60 5686.00
41100.00 3423.60 5706.00
41200.00 3435.60 5726.00
41300.00 3447.60 5746.00
41400.00 3459.60 5766.00
41500.00 3471.60 5786.00
41600.00 3483.60 5806.00
41700.00 3495.60 5826.00
41800.00 3507.60 5846.00
41900.00 3519.60 5866.00
42000.00 3531.60 5886.00
42100.00 3543.60 5906.00
42200.00 3555.60 5926.00
42300.00 3567.60 5946.00
42400.00 3579.60 5966.00
42500.00 3591.60 5986.00
42600.00 3603.60 6006.00
42700.00 3615.60 6026.00
42800.00 3627.60 6046.00
42900.00 3639.60 6066.00
43000.00 3651.60 6086.00
43100.00 3663.60 6106.00
43200.00 3675.60 6126.00
43300.00 3687.60 6146.00
43400.00 3699.60 6166.00
43500.00 3711.60 6186.00
43600.00 3723.60 6206.00
43700.00 3735.60 6226.00
43800.00 3747.60 6246.00
43900.00 3759.60 6266.00
44000.00 3771.60 6286.00
44100.00 3783.60 6306.00
44200.00 3795.60 6326.00
44300.00 3807.60 6346.00
44400.00 3819.60 6366.00
44500.00 3831.60 6386.00
44600.00 3843.60 6406.00
44700.00 3855.60 6426.00
44800.00 3867.60 6446.00
44900.00 3879.60 6466.00
45000.00 3891.60 6486.00
45100.00 3903.60 6506.00
45200.00 3915.60 6526.00
45300.00 3927.60 6546.00
45400.00 3939.60 6566.00
45500.00 3951.60 6586.00
45600.00 3963.60 6606.00
45700.00 3975.60 6626.00
45800.00 3987.60 6646.00
45900.00 3999.60 6666.00
46000.00 4011.60 6686.00
46100.00 4023.60 6706.00
46200.00 4035.60 6726.00
46300.00 4047.60 6746.00
46400.00 4059.60 6766.00
46500.00 4071.60 6786.00
46600.00 4083.60 6806.00
46700.00 4095.60 6826.00
46800.00 4107.60 6846.00
46900.00 4119.60 6866.00
47000.00 4131.60 6886.00
47100.00 4143.60 6906.00
47200.00 4155.60 6926.00
47300.00 4167.60 6946.00
47400.00 4179.60 6966.00
47500.00 4191.60 6986.00
47600.00 4203.60 7006.00
47700.00 4215.60 7026.00
47800.00 4227.60 7046.00
47900.00 4239.60 7066.00
48000.00 4251.60 7086.00
48100.00 4263.60 7106.00
48200.00 4275.60 7126.00
48300.00 4287.60 7146.00
48400.00 4299.60 7166.00
48500.00 4311.60 7186.00
48600.00 4323.60 7206.00
48700.00 4335.60 7226.00
48800.00 4347.60 7246.00
48900.00 4359.60 7266.00
49000.00 4371.60 7286.00
49100.00 4383.60 7306.00
49200.00 4395.60 7326.00
49300.00 4407.60 7346.00
49400.00 4419.60 7366.00
49500.00 4431.60 7386.00
49600.00 4443.60 7406.00
49700.00 4455.60 7426.00
49800.00 4467.60 7446.00
49900.00 4479.60 7466.00
50000.00 4491.60 7486.00
50100.00 4503.60 7506.00
50200.00 4515.60 7526.00
50300.00 4524.60 7552.00
50400.00 4526.60 7592.00
50500.00 4528.60 7632.00
50600.00 4530.60 7672.00
50700.00 4532.60 7712.00
50800.00 4534.60 7752.00
50900.00 4536.60 7792.00
51000.00 4538.60 7832.00
51100.00 4540.60 7872.00
51200.00 4542.60 7912.00
51300.00 4544.60 7952.00
51400.00 4546.60 7992.00
51500.00 4548.60 8032.00
51600.00 4550.60 8072.00
51700.00 4552.60 8112.00
51800.00 4554.60 8152.00
51900.00 4556.60 8192.00
52000.00 4558.60 8232.00
52100.00 4560.60 8272.00
52200.00 4562.60 8312.00
52300.00 4564.60 8352.00
52400.00 4566.60 8392.00
52500.00 4568.60 8432.00
52600.00 4570.60 8472.00
52700.00 4572.60 8512.00
52800.00 4574.60 8552.00
52900.00 4576.60 8592.00
53000.00 4578.60 8632.00
53100.00 4580.60 8672.00
53200.00 4582.60 8712.00
53300.00 4584.60 8752.00
53400.00 4586.60 8792.00
53500.00 4588.60 8832.00
53600.00 4590.60 8872.00
53700.00 4592.60 8912.00
53800.00 4594.60 8952.00
53900.00 4596.60 8992.00
54000.00 4598.60 9032.00
54100.00 4600.60 9072.00
54200.00 4602.60 9112.00
54300.00 4604.60 9152.00
54400.00 4606.60 9192.00
54500.00 4608.60 9232.00
54600.00 4610.60 9272.00
54700.00 4612.60 9312.00
54800.00 4614.60 9352.00
54900.00 4616.60 9392.00
55000.00 4618.60 9432.00
55100.00 4620.60 9472.00
55200.00 4622.60 9512.00
55300.00 4624.60 9552.00
55400.00 4626.60 9592.00
55500.00 4628.60 9632.00
55600.00 4630.60 9672.00
55700.00 4632.60 9712.00
55800.00 4634.60 9752.00
55900.00 4636.60 9792.00
56000.00 4638.60 9832.00
56100.00 4640.60 9872.00
56200.00 4642.60 9912.00
56300.00 4644.60 9952.00
56400.00 4646.60 9992.00
56500.00 4648.60 10032.00
56600.00 4650.60 10072.00
56700.00 4652.60 10112.00
56800.00 4654.60 10152.00
56900.00 4656.60 10192.00
57000.00 4658.60 10232.00
57100.00 4660.60 10272.00
57200.00 4662.60 10312.00
57300.00 4664.60 10352.00
57400.00 4666.60 10392.00
57500.00 4668.60 10432.00
57600.00 4670.60 10472.00
57700.00 4672.60 10512.00
57800.00 4674.60 10552.00
57900.00 4676.60 10592.00
58000.00 4678.60 10632.00
58100.00 4680.60 10672.00
58200.00 4682.60 10712.00
58300.00 4684.60 10752.00
58400.00 4686.60 10792.00
58500.00 4688.60 10832.00
58600.00 4690.60 10872.00
58700.00 4692.60 10912.00
58800.00 4694.60 10952.00
58900.00 4696.60 10992.00
59000.00 4698.60 11032.00
59100.00 4700.60 11072.00
59200.00 4702.60 11112.00
59300.00 4704.60 11152.00
59400.00 4706.60 11192.00
59500.00 4708.60 11232.00
59600.00 4710.60 11272.00
59700.00 4712.60 11312.00
59800.00 4714.60 11352.00
59900.00 4716.60 11392.00
60000.00 4718.60 11432.00
60100.00 4720.60 11472.00
60200.00 4722.60 11512.00
60300.00 4724.60 11552.00
60400.00 4726.60 11592.00
60500.00 4728.60 11632.00
60600.00 4730.60 11672.00
60700.00 4732.60 11712.00
60800.00 4734.60 11752.00
60900.00 4736.60 11792.00
61000.00 4738.60 11832.00
61100.00 4740.60 11872.00
61200.00 4742.60 11912.00
61300.00 4744.60 11952.00
61400.00 4746.60 11992.00
61500.00 4748.60 12032.00
61600.00 4750.60 12072.00
61700.00 4752.60 12112.00
61800.00 4754.60 12152.00
61900.00 4756.60 12192.00
62000.00 4758.60 12232.00
62100.00 4760.60 12272.00
62200.00 4762.60 12312.00
62300.00 4764.60 12352.00
62400.00 4766.60 12392.00
62500.00 4768.60 12432.00
62600.00 4770.60 12472.00
62700.00 4772.60 12512.00
62800.00 4774.60 12552.00
62900.00 4776.60 12592.00
63000.00 4778.60 12632.00
63100.00 4780.60 12672.00
63200.00 4782.60 12712.00
63300.00 4784.60 12752.00
63400.00 4786.60 12792.00
63500.00 4788.60 12832.00
63600.00 4790.60 12872.00
63700.00 4792.60 12912.00
63800.00 4794.60 12952.00
63900.00 4796.60 12992.00
64000.00 4798.60 13032.00
64100.00 4800.60 13072.00
64200.00 4802.60 13112.00
64300.00 4804.60 13152.00
64400.00 4806.60 13192.00
64500.00 4808.60 13232.00
64600.00 4810.60 13272.00
64700.00 4812.60 13312.00
64800.00 4814.60 13352.00
64900.00 4816.60 13392.00
65000.00 4818.60 13432.00
65100.00 4820.60 13472.00
65200.00 4822.60 13512.00
65300.00 4824.60 13552.00
65400.00 4826.60 13592.00
65500.00 4828.60 13632.00
65600.00 4830.60 13672.00
65700.00 4832.60 13712.00
65800.00 4834.60 13752.00
65900.00 4836.60 13792.00
66000.00 4838.60 13832.00
66100.00 4840.60 13872.00
66200.00 4842.60 13912.00
66300.00 4844.60 13952.00
66400.00 4846.60 13992.00
66500.00 4848.60 14032.00
66600.00 4850.60 14072.00
66700.00 4852.60 14112.00
66800.00 4854.60 14152.00
66900.00 4856.60 14192.00
67000.00 4858.60 14232.00
67100.00 4860.60 14272.00
67200.00 4862.60 14312.00
67300.00 4864.60 14352.00
67400.00 4866.60 14392.00
67500.00 4868.60 14432.00
67600.00 4870.60 14472.00
67700.00 4872.60 14512.00
67800.00 4874.60 14552.00
67900.00 4876.60 14592.00
68000.00 4878.60 14632.00
68100.00 4880.60 14672.00
68200.00 4882.60 14712.00
68300.00 4884.60 14752.00
68400.00 4886.60 14792.00
68500.00 4888.60 14832.00
68600.00 4890.60 14872.00
68700.00 4892.60 14912.00
68800.00 4894.60 14952.00
68900.00 4896.60 14992.00
69000.00 4898.60 15032.00
69100.00 4900.60 15072.00
69200.00 4902.60 15112.00
69300.00 4904.60 15152.00
69400.00 4906.60 15192.00
69500.00 4908.60 15232.00
69600.00 4910.60 15272.00
69700.00 4912.60 15312.00
69800.00 4914.60 15352.00
69900.00 4916.60 15392.00
70000.00 4918.60 15432.00
70100.00 4920.60 15472.00
70200.00 4922.60 15512.00
70300.00 4924.60 15552.00
70400.00 4926.60 15592.00
70500.00 4928.60 15632.00
70600.00 4930.60 15672.00
70700.00 4932.60 15712.00
70800.00 4934.60 15752.00
70900.00 4936.60 15792.00
71000.00 4938.60 15832.00
71100.00 4940.60 15872.00
71200.00 4942.60 15912.00
71300.00 4944.60 15952.00
71400.00 4946.60 15992.00
71500.00 4948.60 16032.00
71600.00 4950.60 16072.00
71700.00 4952.60 16112.00
71800.00 4954.60 16152.00
71900.00 4956.60 16192.00
72000.00 4958.60 16232.00
72100.00 4960.60 16272.00
72200.00 4962.60 16312.00
72300.00 4964.60 16352.00
72400.00 4966.60 16392.00
72500.00 4968.60 16432.00
72600.00 4970.60 16472.00
72700.00 4972.60 16512.00
72800.00 4974.60 16552.00
72900.00 4976.60 16592.00
73000.00 4978.60 16632.00
73100.00 4980.60 16672.00
73200.00 4982.60 16712.00
73300.00 4984.60 16752.00
73400.00 4986.60 16792.00
73500.00 4988.60 16832.00
73600.00 4990.60 16872.00
73700.00 4992.60 16912.00
73800.00 4994.60 16952.00
73900.00 4996.60 16992.00
74000.00 4998.60 17032.00
74100.00 5000.60 17072.00
74200.00 5002.60 17112.00
74300.00 5004.60 17152.00
74400.00 5006.60 17192.00
74500.00 5008.60 17232.00
74600.00 5010.60 17272.00
74700.00 5012.60 17312.00
74800.00 5014.60 17352.00
74900.00 5016.60 17392.00
75000.00 5018.60 17432.00
75100.00 5020.60 17472.00
75200.00 5022.60 17512.00
75300.00 5024.60 17552.00
75400.00 5026.60 17592.00
75500.00 5028.60 17632.00
75600.00 5030.60 17672.00
75700.00 5032.60 17712.00
75800.00 5034.60 17752.00
75900.00 5036.60 17792.00
76000.00 5038.60 17832.00
76100.00 5040.60 17872.00
76200.00 5042.60 17912.00
76300.00 5044.60 17952.00
76400.00 5046.60 17992.00
76500.00 5048.60 18032.00
76600.00 5050.60 18072.00
76700.00 5052.60 18112.00
76800.00 5054.60 18152.00
76900.00 5056.60 18192.00
77000.00 5058.60 18232.00
77100.00 5060.60 18272.00
77200.00 5062.60 18312.00
77300.00 5064.60 18352.00
77400.00 5066.60 18392.00
77500.00 5068.60 18432.00
77600.00 5070.60 18472.00
77700.00 5072.60 18512.00
77800.00 5074.60 18552.00
77900.00 5076.60 18592.00
78000.00 5078.60 18632.00
78100.00 5080.60 18672.00
78200.00 5082.60 18712.00
78300.00 5084.60 18752.00
78400.00 5086.60 18792.00
78500.00 5088.60 18832.00
78600.00 5090.60 18872.00
78700.00 5092.60 18912.00
78800.00 5094.60 18952.00
78900.00 5096.60 18992.00
79000.00 5098.60 19032.00
79100.00 5100.60 19072.00
79200.00 5102.60 19112.00
79300.00 5104.60 19152.00
79400.00 5106.60 19192.00
79500.00 5108.60 19232.00
79600.00 5110.60 19272.00
79700.00 5112.60 19312.00
79800.00 5114.60 19352.00
79900.00 5116.60 19392.00
80000.00 5118.60 19432.00
80100.00 5120.60 19472.00
80200.00 5122.60 19512.00
80300.00 5124.60 19552.00
80400.00 5126.60 19592.00
80500.00 5128.60 19632.00
80600.00 5130.60 19672.00
80700.00 5132.60 19712.00
80800.00 5134.60 19752.00
80900.00 5136.60 19792.00
81000.00 5138.60 19832.00
81100.00 5140.60 19872.00
81200.00 5142.60 19912.00
81300.00 5144.60 19952.00
81400.00 5146.60 19992.00
81500.00 5148.60 20032.00
81600.00 5150.60 20072.00
81700.00 5152.60 20112.00
81800.00 5154.60 20152.00
81900.00 5156.60 20192.00
82000.00 5158.60 20232.00
82100.00 5160.60 20272.00
82200.00 5162.60 20312.00
82300.00 5164.60 20352.00
82400.00 5166.60 20392.00
82500.00 5168.60 20432.00
82600.00 5170.60 20472.00
82700.00 5172.60 20512.00
82800.00 5174.60 20552.00
82900.00 5176.60 20592.00
83000.00 5178.60 20632.00
83100.00 5180.60 20672.00
83200.00 5182.60 20712.00
83300.00 5184.60 20752.00
83400.00 5186.60 20792.00
83500.00 5188.60 20832.00
83600.00 5190.60 20872.00
83700.00 5192.60 20912.00
83800.00 5194.60 20952.00
83900.00 5196.60 20992.00
84000.00 5198.60 21032.00
84100.00 5200.60 21072.00
84200.00 5202.60 21112.00
84300.00 5204.60 21152.00
84400.00 5206.60 21192.00
84500.00 5208.60 21232.00
84600.00 5210.60 21272.00
84700.00 5212.60 21312.00
84800.00 5214.60 21352.00
84900.00 5216.60 21392.00
85000.00 5218.60 21432.00
85100.00 5220.60 21472.00
85200.00 5222.60 21512.00
85300.00 5224.60 21552.00
85400.00 5226.60 21592.00
85500.00 5228.60 21632.00
85600.00 5230.60 21672.00
85700.00 5232.60 21712.00
85800.00 5234.60 21752.00
85900.00 5236.60 21792.00
86000.00 5238.60 21832.00
86100.00 5240.60 21872.00
86200.00 5242.60 21912.00
86300.00 5244.60 21952.00
86400.00 5246.60 21992.00
86500.00 5248.60 22032.00
86600.00 5250.60 22072.00
86700.00 5252.60 22112.00
86800.00 5254.60 22152.00
86900.00 5256.60 22192.00
87000.00 5258.60 22232.00
87100.00 5260.60 22272.00
87200.00 5262.60 22312.00
87300.00 5264.60 22352.00
87400.00 5266.60 22392.00
87500.00 5268.60 22432.00
87600.00 5270.60 22472.00
87700.00 5272.60 22512.00
87800.00 5274.60 22552.00
87900.00 5276.60 22592.00
88000.00 5278.60 22632.00
88100.00 5280.60 22672.00
88200.00 5282.60 22712.00
88300.00 5284.60 22752.00
88400.00 5286.60 22792.00
88500.00 5288.60 22832.00
88600.00 5290.60 22872.00
88700.00 5292.60 22912.00
88800.00 5294.60 22952.00
88900.00 5296.60 22992.00
89000.00 5298.60 23032.00
89100.00 5300.60 23072.00
89200.00 5302.60 23112.00
89300.00 5304.60 23152.00
89400.00 5306.60 23192.00
89500.00 5308.60 23232.00
89600.00 5310.60 23272.00
89700.00 5312.60 23312.00
89800.00 5314.60 23352.00
89900.00 5316.60 23392.00
90000.00 5318.60 23432.00
90100.00 5320.60 23472.00
90200.00 5322.60 23512.00
90300.00 5324.60 23552.00
90400.00 5326.60 23592.00
90500.00 5328.60 23632.00
90600.00 5330.60 23672.00
90700.00 5332.60 23712.00
90800.00 5334.60 23752.00
90900.00 5336.60 23792.00
91000.00 5338.60 23832.00
91100.00 5340.60 23872.00
91200.00 5342.60 23912.00
91300.00 5344.60 23952.00
91400.00 5346.60 23992.00
91500.00 5348.60 24032.00
91600.00 5350.60 24072.00
91700.00 5352.60 24112.00
91800.00 5354.60 24152.00
91900.00 5356.60 24192.00
92000.00 5358.60 24232.00
92100.00 5360.60 24272.00
92200.00 5362.60 24312.00
92300.00 5364.60 24352.00
92400.00 5366.60 24392.00
92500.00 5368.60 24432.00
92600.00 5370.60 24472.00
92700.00 5372.60 24512.00
92800.00 5374.60 24552.00
92900.00 5376.60 24592.00
93000.00 5378.60 24632.00
93100.00 5380.60 24672.00
93200.00 5382.60 24712.00
93300.00 5384.60 24752.00
93400.00 5386.60 24792.00
93500.00 5388.60 24832.00
93600.00 5390.60 24872.00
93700.00 5392.60 24912.00
93800.00 5394.60 24952.00
93900.00 5396.60 24992.00
94000.00 5398.60 25032.00
94100.00 5400.60 25072.00
94200.00 5402.60 25112.00
94300.00 5404.60 25152.00
94400.00 5406.60 25192.00
94500.00 5408.60 25232.00
94600.00 5410.60 25272.00
94700.00 5412.60 25312.00
94800.00 5414.60 25352.00
94900.00 5416.60 25392.00
95000.00 5418.60 25432.00
95100.00 5420.60 25472.00
95200.00 5422.60 25512.00
95300.00 5424.60 25552.00
95400.00 5426.60 25592.00
95500.00 5428.60 25632.00
95600.00 5430.60 25672.00
95700.00 5432.60 25712.00
95800.00 5434.60 25752.00
95900.00 5436.60 25792.00
96000.00 5438.60 25832.00
96100.00 5440.60 25872.00
96200.00 5442.60 25912.00
96300.00 5444.60 25952.00
96400.00 5446.60 25992.00
96500.00 5448.60 26032.00
96600.00 5450.60 26072.00
96700.00 5452.60 26112.00
96800.00 5454.60 26152.00
96900.00 5456.60 26192.00
97000.00 5458.60 26232.00
97100.00 5460.60 26272.00
97200.00 5462.60 26312.00
97300.00 5464.60 26352.00
97400.00 5466.60 26392.00
97500.00 5468.60 26432.00
97600.00 5470.60 26472.00
97700.00 5472.60 26512.00
97800.00 5474.60 26552.00
97900.00 5476.60 26592.00
98000.00 5478.60 26632.00
98100.00 5480.60 26672.00
98200.00 5482.60 26712.00
98300.00 5484.60 26752.00
98400.00 5486.60 26792.00
98500.00 5488.60 26832.00
98600.00 5490.60 26872.00
98700.00 5492.60 26912.00
98800.00 5494.60 26952.00
98900.00 5496.60 26992.00
99000.00 5498.60 27032.00
99100.00 5500.60 27072.00
99200.00 5502.60 27112.00
99300.00 5504.60 27152.00
99400.00 5506.60 27192.00
99500.00 5508.60 27232.00
99600.00 5510.60 27272.00
99700.00 5512.60 27312.00
99800.00 5514.60 27352.00
99900.00 5516.60 27392.00
100000.00 5518.60 27432.00
100100.00 5520.60 27492.00
100200.00 5522.60 27552.00
100300.00 5524.60 27612.00
100400.00 5526.60 27672.00
100500.00 5528.60 27732.00
100600.00 5530.60 27792.00
100700.00 5532.60 27852.00
100800.00 5534.60 27912.00
100900.00 5536.60 27972.00
101000.00 5538.60 28032.00
101100.00 5540.60 28092.00
101200.00 5542.60 28152.00
101300.00 5544.60 28212.00
101400.00 5546.60 28272.00
101500.00 5548.60 28332.00
101600.00 5550.60 28392.00
101700.00 5552.60 28452.00
101800.00 5554.60 28512.00
101900.00 5556.60 28572.00
102000.00 5558.60 28632.00
102100.00 5560.60 28692.00
102200.00 5562.60 28752.00
102300.00 5564.60 28812.00
102400.00 5566.60 28872.00
102500.00 5568.60 28932.00
102600.00 5570.60 28992.00
102700.00 5572.60 29052.00
102800.00 5574.60 29112.00
102900.00 5576.60 29172.00
103000.00 5578.60 29232.00
103100.00 5580.60 29292.00
103200.00 5582.60 29352.00
103300.00 5584.60 29412.00
103400.00 5586.60 29472.00
103500.00 5588.60 29532.00
103600.00 5590.60 29592.00
103700.00 5592.60 29652.00
103800.00 5594.60 29712.00
103900.00 5596.60 29772.00
104000.00 5598.60 29832.00
104100.00 5600.60 29892.00
104200.00 5602.60 29952.00
104300.00 5604.60 30012.00
104400.00 5606.60 30072.00
104500.00 5608.60 30132.00
104600.00 5610.60 30192.00
104700.00 5612.60 30252.00
104800.00 5614.60 30312.00
104900.00 5616.60 30372.00
105000.00 5618.60 30432.00
105100.00 5620.60 30492.00
105200.00 5622.60 30552.00
105300.00 5624.60 30612.00
105400.00 5626.60 30672.00
105500.00 5628.60 30732.00
105600.00 5630.60 30792.00
105700.00 5632.60 30852.00
105800.00 5634.60 30912.00
105900.00 5636.60 30972.00
106000.00 5638.60 31032.00
106100.00 5640.60 31092.00
106200.00 5642.60 31152.00
106300.00 5644.60 31212.00
106400.00 5646.60 31272.00
106500.00 5648.60 31332.00
106600.00 5650.60 31392.00
106700.00 5652.60 31452.00
106800.00 5654.60 31512.00
106900.00 5656.60 31572.00
107000.00 5658.60 31632.00
107100.00 5660.60 31692.00
107200.00 5662.60 31752.00
107300.00 5664.60 31812.00
107400.00 5666.60 31872.00
107500.00 5668.60 31932.00
107600.00 5670.60 31992.00
107700.00 5672.60 32052.00
107800.00 5674.60 32112.00
107900.00 5676.60 32172.00
108000.00 5678.60 32232.00
108100.00 5680.60 32292.00
108200.00 5682.60 32352.00
108300.00 5684.60 32412.00
108400.00 5686.60 32472.00
108500.00 5688.60 32532.00
108600.00 5690.60 32592.00
108700.00 5692.60 32652.00
108800.00 5694.60 32712.00
108900.00 5696.60 32772.00
109000.00 5698.60 32832.00
109100.00 5700.60 32892.00
109200.00 5702.60 32952.00
109300.00 5704.60 33012.00
109400.00 5706.60 33072.00
109500.00 5708.60 33132.00
109600.00 5710.60 33192.00
109700.00 5712.60 33252.00
109800.00 5714.60 33312.00
109900.00 5716.60 33372.00
110000.00 5718.60 33432.00
110100.00 5720.60 33492.00
110200.00 5722.60 33552.00
110300.00 5724.60 33612.00
110400.00 5726.60 33672.00
110500.00 5728.60 33732.00
110600.00 5730.60 33792.00
110700.00 5732.60 33852.00
110800.00 5734.60 33912.00
110900.00 5736.60 33972.00
111000.00 5738.60 34032.00
111100.00 5740.60 34092.00
111200.00 5742.60 34152.00
111300.00 5744.60 34212.00
111400.00 5746.60 34272.00
111500.00 5748.60 34332.00
111600.00 5750.60 34392.00
111700.00 5752.60 34452.00
111800.00 5754.60 34512.00
111900.00 5756.60 34572.00
112000.00 5758.60 34632.00
112100.00 5760.60 34692.00
112200.00 5762.60 34752.00
112300.00 5764.60 34812.00
112400.00 5766.60 34872.00
112500.00 5768.60 34932.00
112600.00 5770.60 34992.00
112700.00 5772.60 35052.00
112800.00 5774.60 35112.00
112900.00 5776.60 35172.00
113000.00 5778.60 35232.00
113100.00 5780.60 35292.00
113200.00 5782.60 35352.00
113300.00 5784.60 35412.00
113400.00 5786.60 35472.00
113500.00 5788.60 35532.00
113600.00 5790.60 35592.00
113700.00 5792.60 35652.00
113800.00 5794.60 35712.00
113900.00 5796.60 35772.00
114000.00 5798.60 35832.00
114100.00 5800.60 35892.00
114200.00 5802.60 35952.00
114300.00 5804.60 36012.00
114400.00 5806.60 36072.00
114500.00 5808.60 36132.00
114600.00 5810.60 36192.00
114700.00 5812.60 36252.00
114800.00 5814.60 36312.00
114900.00 5816.60 36372.00
115000.00 5818.60 36432.00
115100.00 5820.60 36492.00
115200.00 5822.60 36552.00
115300.00 5824.60 36612.00
115400.00 5826.60 36672.00
115500.00 5828.60 36732.00
115600.00 5830.60 36792.00
115700.00 5832.60 36852.00
115800.00 5834.60 36912.00
115900.00 5836.60 36972.00
116000.00 5838.60 37032.00
116100.00 5840.60 37092.00
116200.00 5842.60 37152.00
116300.00 5844.60 37212.00
116400.00 5846.60 37272.00
116500.00 5848.60 37332.00
116600.00 5850.60 37392.00
116700.00 5852.60 37452.00
116800.00 5854.60 37512.00
116900.00 5856.60 37572.00
117000.00 5858.60 37632.00
117100.00 5860.60 37692.00
117200.00 5862.60 37752.00
117300.00 5864.60 37812.00
117400.00 5866.60 37872.00
117500.00 5868.60 37932.00
117600.00 5870.60 37992.00
117700.00 5872.60 38052.00
117800.00 5874.60 38112.00
117900.00 5876.60 38172.00
118000.00 5878.60 38232.00
118100.00 5880.60 38292.00
118200.00 5882.60 38352.00
118300.00 5884.60 38412.00
118400.00 5886.60 38472.00
118500.00 5888.60 38532.00
118600.00 5890.60 38592.00
118700.00 5892.60 38652.00
118800.00 5894.60 38712.00
118900.00 5896.60 38772.00
119000.00 5898.60 38832.00
119100.00 5900.60 38892.00
119200.00 5902.60 38952.00
119300.00 5904.60 39012.00
119400.00 5906.60 39072.00
119500.00 5908.60 39132.00
119600.00 5910.60 39192.00
119700.00 5912.60 39252.00
119800.00 5914.60 39312.00
119900.00 5916.60 39372.00
120000.00 5918.60 39432.00
120100.00 5920.60 39492.00
120200.00 5922.60 39552.00
120300.00 5924.60 39612.00
120400.00 5926.60 39672.00
120500.00 5928.60 39732.00
120600.00 5930.60 39792.00
120700.00 5932.60 39852.00
120800.00 5934.60 39912.00
120900.00 5936.60 39972.00
121000.00 5938.60 40032.00
121100.00 5940.60 40092.00
121200.00 5942.60 40152.00
121300.00 5944.60 40212.00
121400.00 5946.60 40272.00
121500.00 5948.60 40332.00
121600.00 5950.60 40392.00
121700.00 5952.60 40452.00
121800.00 5954.60 40512.00
121900.00 5956.60 40572.00
122000.00 5958.60 40632.00
122100.00 5960.60 40692.00
122200.00 5962.60 40752.00
122300.00 5964.60 40812.00
122400.00 5966.60 40872.00
122500.00 5968.60 40932.00
122600.00 5970.60 40992.00
122700.00 5972.60 41052.00
122800.00 5974.60 41112.00
122900.00 5976.60 41172.00
123000.00 5978.60 41232.00
123100.00 5980.60 41292.00
123200.00 5982.60 41352.00
123300.00 5984.60 41412.00
123400.00 5986.60 41472.00
123500.00 5988.60 41532.00
123600.00 5990.60 41592.00
123700.00 5992.60 41652.00
123800.00 5994.60 41712.00
123900.00 5996.60 41772.00
124000.00 5998.60 41832.00
124100.00 6000.60 41892.00
124200.00 6002.60 41952.00
124300.00 6004.60 42012.00
124400.00 6006.60 42072.00
124500.00 6008.60 42132.00
124600.00 6010.60 42192.00
124700.00 6012.60 42252.00
124800.00 6014.60 42312.00
124900.00 6016.60 42372.00
125000.00 6018.60 42432.00
125100.00 6020.60 42492.00
125200.00 6022.60 42543.00
125300.00 6024.60 42588.00
125400.00 6026.60 42633.00
125500.00 6028.60 42678.00
125600.00 6030.60 42723.00
125700.00 6032.60 42768.00
125800.00 6034.60 42813.00
125900.00 6036.60 42858.00
126000.00 6038.60 42903.00
126100.00 6040.60 42948.00
126200.00 6042.60 42993.00
126300.00 6044.60 43038.00
126400.00 6046.60 43083.00
126500.00 6048.60 43128.00
126600.00 6050.60 43173.00
126700.00 6052.60 43218.00
126800.00 6054.60 43263.00
126900.00 6056.60 43308.00
127000.00 6058.60 43353.00
127100.00 6060.60 43398.00
127200.00 6062.60 43443.00
127300.00 6064.60 43488.00
127400.00 6066.60 43533.00
127500.00 6068.60 43578.00
127600.00 6070.60 43623.00
127700.00 6072.60 43668.00
127800.00 6074.60 43713.00
127900.00 6076.60 43758.00
128000.00 6078.60 43803.00
128100.00 6080.60 43848.00
128200.00 6082.60 43893.00
128300.00 6084.60 43938.00
128400.00 6086.60 43983.00
128500.00 6088.60 44028.00
128600.00 6090.60 44073.00
128700.00 6092.60 44118.00
128800.00 6094.60 44163.00
128900.00 6096.60 44208.00
129000.00 6098.60 44253.00
129100.00 6100.60 44298.00
129200.00 6102.60 44343.00
129300.00 6104.60 44388.00
129400.00 6106.60 44433.00
129500.00 6108.60 44478.00
129600.00 6110.60 44523.00
129700.00 6112.60 44568.00
129800.00 6114.60 44613.00
129900.00 6116.60 44658.00
130000.00 6118.60 44703.00
130100.00 6120.60 44748.00
130200.00 6122.60 44793.00
130300.00 6124.60 44838.00
130400.00 6126.60 44883.00
130500.00 6128.60 44928.00
130600.00 6130.60 44973.00
130700.00 6132.60 45018.00
130800.00 6134.60 45063.00
130900.00 6136.60 45108.00
131000.00 6138.60 45153.00
131100.00 6140.60 45198.00
131200.00 6142.60 45243.00
131300.00 6144.60 45288.00
131400.00 6146.60 45333.00
131500.00 6148.60 45378.00
131600.00 6150.60 45423.00
131700.00 6152.60 45468.00
131800.00 6154.60 45513.00
131900.00 6156.60 45558.00
132000.00 6158.60 45603.00
132100.00 6160.60 45648.00
132200.00 6162.60 45693.00
132300.00 6164.60 45738.00
132400.00 6166.60 45783.00
132500.00 6168.60 45828.00
132600.00 6170.60 45873.00
132700.00 6172.60 45918.00
132800.00 6174.60 45963.00
132900.00 6176.60 46008.00
133000.00 6178.60 46053.00
133100.00 6180.60 46098.00
133200.00 6182.60 46143.00
133300.00 6184.60 46188.00
133400.00 6186.60 46233.00
133500.00 6188.60 46278.00
133600.00 6190.60 46323.00
133700.00 6192.60 46368.00
133800.00 6194.60 46413.00
133900.00 6196.60 46458.00
134000.00 6198.60 46503.00
134100.00 6200.60 46548.00
134200.00 6202.60 46593.00
134300.00 6204.60 46638.00
134400.00 6206.60 46683.00
134500.00 6208.60 46728.00
134600.00 6210.60 46773.00
134700.00 6212.60 46818.00
134800.00 6214.60 46863.00
134900.00 6216.60 46908.00
135000.00 6218.60 46953.00
135100.00 6220.60 46998.00
135200.00 6222.60 47043.00
135300.00 6224.60 47088.00
135400.00 6226.60 47133.00
135500.00 6228.60 47178.00
135600.00 6230.60 47223.00
135700.00 6232.60 47268.00
135800.00 6234.60 47313.00
135900.00 6236.60 47358.00
136000.00 6238.60 47403.00
136100.00 6240.60 47448.00
136200.00 6242.60 47493.00
136300.00 6244.60 47538.00
136400.00 6246.60 47583.00
136500.00 6248.60 47628.00
136600.00 6250.60 47673.00
136700.00 6252.60 47718.00
136800.00 6254.60 47763.00
136900.00 6256.60 47808.00
137000.00 6258.60 47853.00
137100.00 6260.60 47898.00
137200.00 6262.60 47943.00
137300.00 6264.60 47988.00
137400.00 6266.60 48033.00
137500.00 6268.60 48078.00
137600.00 6270.60 48123.00
137700.00 6272.60 48168.00
137800.00 6274.60 48213.00
137900.00 6276.60 48258.00
138000.00 6278.60 48303.00
138100.00 6280.60 48348.00
138200.00 6282.60 48393.00
138300.00 6284.60 48438.00
138400.00 6286.60 48483.00
138500.00 6288.60 48528.00
138600.00 6290.60 48573.00
138700.00 6292.60 48618.00
138800.00 6294.60 48663.00
138900.00 6296.60 48708.00
139000.00 6298.60 48753.00
139100.00 6300.60 48798.00
139200.00 6302.60 48843.00
139300.00 6304.60 48888.00
139400.00 6306.60 48933.00
139500.00 6308.60 48978.00
139600.00 6310.60 49023.00
139700.00 6312.60 49068.00
139800.00 6314.60 49113.00
139900.00 6316.60 49158.00
140000.00 6318.60 49203.00
140100.00 6320.60 49248.00
140200.00 6322.60 49293.00
140300.00 6324.60 49338.00
140400.00 6326.60 49383.00
140500.00 6328.60 49428.00
140600.00 6330.60 49473.00
140700.00 6332.60 49518.00
140800.00 6334.60 49563.00
140900.00 6336.60 49608.00
141000.00 6338.60 49653.00
141100.00 6340.60 49698.00
141200.00 6342.60 49743.00
141300.00 6344.60 49788.00
141400.00 6346.60 49833.00
141500.00 6348.60 49878.00
141600.00 6350.60 49923.00
141700.00 6352.60 49968.00
141800.00 6354.60 50013.00
141900.00 6356.60 50058.00
142000.00 6358.60 50103.00
142100.00 6360.60 50148.00
142200.00 6362.60 50193.00
142300.00 6364.60 50238.00
142400.00 6366.60 50283.00
142500.00 6368.60 50328.00
142600.00 6370.60 50373.00
142700.00 6372.60 50418.00
142800.00 6374.60 50463.00
142900.00 6376.60 50508.00
143000.00 6378.60 50553.00
143100.00 6380.60 50598.00
143200.00 6382.60 50643.00
143300.00 6384.60 50688.00
143400.00 6386.60 50733.00
143500.00 6388.60 50778.00
143600.00 6390.60 50823.00
143700.00 6392.60 50868.00
143800.00 6394.60 50913.00
143900.00 6396.60 50958.00
144000.00 6398.60 51003.00
144100.00 6400.60 51048.00
144200.00 6402.60 51093.00
144300.00 6404.60 51138.00
144400.00 6406.60 51183.00
144500.00 6408.60 51228.00
144600.00 6410.60 51273.00
144700.00 6412.60 51318.00
144800.00 6414.60 51363.00
144900.00 6416.60 51408.00
145000.00 6418.60 51453.00
145100.00 6420.60 51498.00
145200.00 6422.60 51543.00
145300.00 6424.60 51588.00
145400.00 6426.60 51633.00
145500.00 6428.60 51678.00
145600.00 6430.60 51723.00
145700.00 6432.60 51768.00
145800.00 6434.60 51813.00
145900.00 6436.60 51858.00
146000.00 6438.60 51903.00
146100.00 6440.60 51948.00
146200.00 6442.60 51993.00
146300.00 6444.60 52038.00
146400.00 6446.60 52083.00
146500.00 6448.60 52128.00
146600.00 6450.60 52173.00
146700.00 6452.60 52218.00
146800.00 6454.60 52263.00
146900.00 6456.60 52308.00
147000.00 6458.60 52353.00
147100.00 6460.60 52398.00
147200.00 6462.60 52443.00
147300.00 6464.60 52488.00
147400.00 6466.60 52533.00
147500.00 6468.60 52578.00
147600.00 6470.60 52623.00
147700.00 6472.60 52668.00
147800.00 6474.60 52713.00
147900.00 6476.60 52758.00
148000.00 6478.60 52803.00
148100.00 6480.60 52848.00
148200.00 6482.60 52893.00
148300.00 6484.60 52938.00
148400.00 6486.60 52983.00
148500.00 6488.60 53028.00
148600.00 6490.60 53073.00
148700.00 6492.60 53118.00
148800.00 6494.60 53163.00
148900.00 6496.60 53208.00
149000.00 6498.60 53253.00
149100.00 6500.60 53298.00
149200.00 6502.60 53343.00
149300.00 6504.60 53388.00
149400.00 6506.60 53433.00
149500.00 6508.60 53478.00
149600.00 6510.60 53523.00
149700.00 6512.60 53568.00
149800.00 6514.60 53613.00
149900.00 6516.60 53658.00
150000.00 6518.60 53703.00
150100.00 6520.60 53748.00
150200.00 6522.60 53793.00
150300.00 6524.60 53838.00
150400.00 6526.60 53883.00
150500.00 6528.60 53928.00
150600.00 6530.60 53973.00
150700.00 6532.60 54018.00
150800.00 6534.60 54063.00
150900.00 6536.60 54108.00
151000.00 6538.60 54153.00
151100.00 6540.60 54198.00
151200.00 6542.60 54243.00
151300.00 6544.60 54288.00
151400.00 6546.60 54333.00
151500.00 6548.60 54378.00
151600.00 6550.60 54423.00
151700.00 6552.60 54468.00
151800.00 6554.60 54513.00
151900.00 6556.60 54558.00
152000.00 6558.60 54603.00
152100.00 6560.60 54648.00
152200.00 6562.60 54693.00
152300.00 6564.60 54738.00
152400.00 6566.60 54783.00
152500.00 6568.60 54828.00
152600.00 6570.60 54873.00
152700.00 6572.60 54918.00
152800.00 6574.60 54963.00
152900.00 6576.60 55008.00
153000.00 6578.60 55053.00
153100.00 6580.60 55098.00
153200.00 6582.60 55143.00
153300.00 6584.60 55188.00
153400.00 6586.60 55233.00
153500.00 6588.60 55278.00
153600.00 6590.60 55323.00
153700.00 6592.60 55368.00
153800.00 6594.60 55413.00
153900.00 6596.60 55458.00
154000.00 6598.60 55503.00
154100.00 6600.60 55548.00
154200.00 6602.60 55593.00
154300.00 6604.60 55638.00
154400.00 6606.60 55683.00
154500.00 6608.60 55728.00
154600.00 6610.60 55773.00
154700.00 6612.60 55818.00
154800.00 6614.60 55863.00
154900.00 6616.60 55908.00
155000.00 6618.60 55953.00
155100.00 6620.60 55998.00
155200.00 6622.60 56043.00
155300.00 6624.60 56088.00
155400.00 6626.60 56133.00
155500.00 6628.60 56178.00
155600.00 6630.60 56223.00
155700.00 6632.60 56268.00
155800.00 6634.60 56313.00
155900.00 6636.60 56358.00
156000.00 6638.60 56403.00
156100.00 6640.60 56448.00
156200.00 6642.60 56493.00
156300.00 6644.60 56538.00
156400.00 6646.60 56583.00
156500.00 6648.60 56628.00
156600.00 6650.60 56673.00
156700.00 6652.60 56718.00
156800.00 6654.60 56763.00
156900.00 6656.60 56808.00
157000.00 6658.60 56853.00
157100.00 6660.60 56898.00
157200.00 6662.60 56943.00
157300.00 6664.60 56988.00
157400.00 6666.60 57033.00
157500.00 6668.60 57078.00
157600.00 6670.60 57123.00
157700.00 6672.60 57168.00
157800.00 6674.60 57213.00
157900.00 6676.60 57258.00
158000.00 6678.60 57303.00
158100.00 6680.60 57348.00
158200.00 6682.60 57393.00
158300.00 6684.60 57438.00
158400.00 6686.60 57483.00
158500.00 6688.60 57528.00
158600.00 6690.60 57573.00
158700.00 6692.60 57618.00
158800.00 6694.60 57663.00
158900.00 6696.60 57708.00
159000.00 6698.60 57753.00
159100.00 6700.60 57798.00
159200.00 6702.60 57843.00
159300.00 6704.60 57888.00
159400.00 6706.60 57933.00
159500.00 6708.60 57978.00
159600.00 6710.60 58023.00
159700.00 6712.60 58068.00
159800.00 6714.60 58113.00
159900.00 6716.60 58158.00
160000.00 6718.60 58203.00
160100.00 6720.60 58248.00
160200.00 6722.60 58293.00
160300.00 6724.60 58338.00
160400.00 6726.60 58383.00
160500.00 6728.60 58428.00
160600.00 6730.60 58473.00
160700.00 6732.60 58518.00
160800.00 6734.60 58563.00
160900.00 6736.60 58608.00
161000.00 6738.60 58653.00
161100.00 6740.60 58698.00
161200.00 6742.60 58743.00
161300.00 6744.60 58788.00
161400.00 6746.60 58833.00
161500.00 6748.60 58878.00
161600.00 6750.60 58923.00
161700.00 6752.60 58968.00
161800.00 6754.60 59013.00
161900.00 6756.60 59058.00
162000.00 6758.60 59103.00
162100.00 6760.60 59148.00
162200.00 6762.60 59193.00
162300.00 6764.60 59238.00
162400.00 6766.60 59283.00
162500.00 6768.60 59328.00
162600.00 6770.60 59373.00
162700.00 6772.60 59418.00
162800.00 6774.60 59463.00
162900.00 6776.60 59508.00
163000.00 6778.60 59553.00
163100.00 6780.60 59598.00
163200.00 6782.60 59643.00
163300.00 6784.60 59688.00
163400.00 6786.60 59733.00
163500.00 6788.60 59778.00
163600.00 6790.60 59823.00
163700.00 6792.60 59868.00
163800.00 6794.60 59913.00
163900.00 6796.60 59958.00
164000.00 6798.60 60003.00
164100.00 6800.60 60048.00
164200.00 6802.60 60093.00
164300.00 6804.60 60138.00
164400.00 6806.60 60183.00
164500.00 6808.60 60228.00
164600.00 6810.60 60273.00
164700.00 6812.60 60318.00
164800.00 6814.60 60363.00
164900.00 6816.60 60408.00
165000.00 6818.60 60453.00
165100.00 6820.60 60498.00
165200.00 6822.60 60543.00
165300.00 6824.60 60588.00
165400.00 6826.60 60633.00
165500.00 6828.60 60678.00
165600.00 6830.60 60723.00
165700.00 6832.60 60768.00
165800.00 6834.60 60813.00
165900.00 6836.60 60858.00
166000.00 6838.60 60903.00
166100.00 6840.60 60948.00
166200.00 6842.60 60993.00
166300.00 6844.60 61038.00
166400.00 6846.60 61083.00
166500.00 6848.60 61128.00
166600.00 6850.60 61173.00
166700.00 6852.60 61218.00
166800.00 6854.60 61263.00
166900.00 6856.60 61308.00
167000.00 6858.60 61353.00
167100.00 6860.60 61398.00
167200.00 6862.60 61443.00
167300.00 6864.60 61488.00
167400.00 6866.60 61533.00
167500.00 6868.60 61578.00
167600.00 6870.60 61623.00
167700.00 6872.60 61668.00
167800.00 6874.60 61713.00
167900.00 6876.60 61758.00
168000.00 6878.60 61803.00
168100.00 6880.60 61848.00
168200.00 6882.60 61893.00
168300.00 6884.60 61938.00
168400.00 6886.60 61983.00
168500.00 6888.60 62028.00
168600.00 6890.60 62073.00
168700.00 6892.60 62118.00
168800.00 6894.60 62163.00
168900.00 6896.60 62208.00
169000.00 6898.60 62253.00
169100.00 6900.60 62298.00
169200.00 6902.60 62343.00
169300.00 6904.60 62388.00
169400.00 6906.60 62433.00
169500.00 6908.60 62478.00
169600.00 6910.60 62523.00
169700.00 6912.60 62568.00
169800.00 6914.60 62613.00
169900.00 6916.60 62658.00
170000.00 6918.60 62703.00
170100.00 6920.60 62748.00
170200.00 6922.60 62793.00
170300.00 6924.60 62838.00
170400.00 6926.60 62883.00
170500.00 6928.60 62928.00
170600.00 6930.60 62973.00
170700.00 6932.60 63018.00
170800.00 6934.60 63063.00
170900.00 6936.60 63108.00
171000.00 6938.60 63153.00
171100.00 6940.60 63198.00
171200.00 6942.60 63243.00
171300.00 6944.60 63288.00
171400.00 6946.60 63333.00
171500.00 6948.60 63378.00
171600.00 6950.60 63423.00
171700.00 6952.60 63468.00
171800.00 6954.60 63513.00
171900.00 6956.60 63558.00
172000.00 6958.60 63603.00
172100.00 6960.60 63648.00
172200.00 6962.60 63693.00
172300.00 6964.60 63738.00
172400.00 6966.60 63783.00
172500.00 6968.60 63828.00
172600.00 6970.60 63873.00
172700.00 6972.60 63918.00
172800.00 6974.60 63963.00
172900.00 6976.60 64008.00
173000.00 6978.60 64053.00
173100.00 6980.60 64098.00
173200.00 6982.60 64143.00
173300.00 6984.60 64188.00
173400.00 6986.60 64233.00
173500.00 6988.60 64278.00
173600.00 6990.60 64323.00
173700.00 6992.60 64368.00
173800.00 6994.60 64413.00
173900.00 6996.60 64458.00
174000.00 6998.60 64503.00
174100.00 7000.60 64548.00
174200.00 7002.60 64593.00
174300.00 7004.60 64638.00
174400.00 7006.60 64683.00
174500.00 7008.60 64728.00
174600.00 7010.60 64773.00
174700.00 7012.60 64818.00
174800.00 7014.60 64863.00
174900.00 7016.60 64908.00
175000.00 7018.60 64953.00
175100.00 7020.60 64998.00
175200.00 7022.60 65043.00
175300.00 7024.60 65088.00
175400.00 7026.60 65133.00
175500.00 7028.60 65178.00
175600.00 7030.60 65223.00
175700.00 7032.60 65268.00
175800.00 7034.60 65313.00
175900.00 7036.60 65358.00
176000.00 7038.60 65403.00
176100.00 7040.60 65448.00
176200.00 7042.60 65493.00
176300.00 7044.60 65538.00
176400.00 7046.60 65583.00
176500.00 7048.60 65628.00
176600.00 7050.60 65673.00
176700.00 7052.60 65718.00
176800.00 7054.60 65763.00
176900.00 7056.60 65808.00
177000.00 7058.60 65853.00
177100.00 7060.60 65898.00
177200.00 7062.60 65943.00
177300.00 7064.60 65988.00
177400.00 7066.60 66033.00
177500.00 7068.60 66078.00
177600.00 7070.60 66123.00
177700.00 7072.60 66168.00
177800.00 7074.60 66213.00
177900.00 7076.60 66258.00
178000.00 7078.60 66303.00
178100.00 7080.60 66348.00
178200.00 7082.60 66393.00
178300.00 7084.60 66438.00
178400.00 7086.60 66483.00
178500.00 7088.60 66528.00
178600.00 7090.60 66573.00
178700.00 7092.60 66618.00
178800.00 7094.60 66663.00
178900.00 7096.60 66708.00
179000.00 7098.60 66753.00
179100.00 7100.60 66798.00
179200.00 7102.60 66843.00
179300.00 7104.60 66888.00
179400.00 7106.60 66933.00
179500.00 7108.60 66978.00
179600.00 7110.60 67023.00
179700.00 7112.60 67068.00
179800.00 7114.60 67113.00
179900.00 7116.60 67158.00
180000.00 7118.60 67203.00
180100.00 7120.60 67248.00
180200.00 7122.60 67293.00
180300.00 7124.60 67338.00
180400.00 7126.60 67383.00
180500.00 7128.60 67428.00
180600.00 7130.60 67473.00
180700.00 7132.60 67518.00
180800.00 7134.60 67563.00
180900.00 7136.60 67608.00
181000.00 7138.60 67653.00
181100.00 7140.60 67698.00
181200.00 7142.60 67743.00
181300.00 7144.60 67788.00
181400.00 7146.60 67833.00
181500.00 7148.60 67878.00
181600.00 7150.60 67923.00
181700.00 7152.60 67968.00
181800.00 7154.60 68013.00
181900.00 7156.60 68058.00
182000.00 7158.60 68103.00
182100.00 7160.60 68148.00
182200.00 7162.60 68193.00
182300.00 7164.60 68238.00
182400.00 7166.60 68283.00
182500.00 7168.60 68328.00
182600.00 7170.60 68373.00
182700.00 7172.60 68418.00
182800.00 7174.60 68463.00
182900.00 7176.60 68508.00
183000.00 7178.60 68553.00
183100.00 7180.60 68598.00
183200.00 7182.60 68643.00
183300.00 7184.60 68688.00
183400.00 7186.60 68733.00
183500.00 7188.60 68778.00
183600.00 7190.60 68823.00
183700.00 7192.60 68868.00
183800.00 7194.60 68913.00
183900.00 7196.60 68958.00
184000.00 7198.60 69003.00
184100.00 7200.60 69048.00
184200.00 7202.60 69093.00
184300.00 7204.60 69138.00
184400.00 7206.60 69183.00
184500.00 7208.60 69228.00
184600.00 7210.60 69273.00
184700.00 7212.60 69318.00
184800.00 7214.60 69363.00
184900.00 7216.60 69408.00
185000.00 7218.60 69453.00
185100.00 7220.60 69498.00
185200.00 7222.60 69543.00
185300.00 7224.60 69588.00
185400.00 7226.60 69633.00
185500.00 7228.60 69678.00
185600.00 7230.60 69723.00
185700.00 7232.60 69768.00
185800.00 7234.60 69813.00
185900.00 7236.60 69858.00
186000.00 7238.60 69903.00
186100.00 7240.60 69948.00
186200.00 7242.60 69993.00
186300.00 7244.60 70038.00
186400.00 7246.60 70083.00
186500.00 7248.60 70128.00
186600.00 7250.60 70173.00
186700.00 7252.60 70218.00
186800.00 7254.60 70263.00
186900.00 7256.60 70308.00
187000.00 7258.60 70353.00
187100.00 7260.60 70398.00
187200.00 7262.60 70443.00
187300.00 7264.60 70488.00
187400.00 7266.60 70533.00
187500.00 7268.60 70578.00
187600.00 7270.60 70623.00
187700.00 7272.60 70668.00
187800.00 7274.60 70713.00
187900.00 7276.60 70758.00
188000.00 7278.60 70803.00
188100.00 7280.60 70848.00
188200.00 7282.60 70893.00
188300.00 7284.60 70938.00
188400.00 7286.60 70983.00
188500.00 7288.60 71028.00
188600.00 7290.60 71073.00
188700.00 7292.60 71118.00
188800.00 7294.60 71163.00
188900.00 7296.60 71208.00
189000.00 7298.60 71253.00
189100.00 7300.60 71298.00
189200.00 7302.60 71343.00
189300.00 7304.60 71388.00
189400.00 7306.60 71433.00
189500.00 7308.60 71478.00
189600.00 7310.60 71523.00
189700.00 7312.60 71568.00
189800.00 7314.60 71613.00
189900.00 7316.60 71658.00
190000.00 7318.60 71703.00
190100.00 7320.60 71748.00
190200.00 7322.60 71793.00
190300.00 7324.60 71838.00
190400.00 7326.60 71883.00
190500.00 7328.60 71928.00
190600.00 7330.60 71973.00
190700.00 7332.60 72018.00
190800.00 7334.60 72063.00
190900.00 7336.60 72108.00
191000.00 7338.60 72153.00
191100.00 7340.60 72198.00
191200.00 7342.60 72243.00
191300.00 7344.60 72288.00
191400.00 7346.60 72333.00
191500.00 7348.60 72378.00
191600.00 7350.60 72423.00
191700.00 7352.60 72468.00
191800.00 7354.60 72513.00
191900.00 7356.60 72558.00
192000.00 7358.60 72603.00
192100.00 7360.60 72648.00
192200.00 7362.60 72693.00
192300.00 7364.60 72738.00
192400.00 7366.60 72783.00
192500.00 7368.60 72828.00
192600.00 7370.60 72873.00
192700.00 7372.60 72918.00
192800.00 7374.60 72963.00
192900.00 7376.60 73008.00
193000.00 7378.60 73053.00
193100.00 7380.60 73098.00
193200.00 7382.60 73143.00
193300.00 7384.60 73188.00
193400.00 7386.60 73233.00
193500.00 7388.60 73278.00
193600.00 7390.60 73323.00
193700.00 7392.60 73368.00
193800.00 7394.60 73413.00
193900.00 7396.60 73458.00
194000.00 7398.60 73503.00
194100.00 7400.60 73548.00
194200.00 7402.60 73593.00
194300.00 7404.60 73638.00
194400.00 7406.60 73683.00
194500.00 7408.60 73728.00
194600.00 7410.60 73773.00
194700.00 7412.60 73818.00
194800.00 7414.60 73863.00
194900.00 7416.60 73908.00
195000.00 7418.60 73953.00
195100.00 7420.60 73998.00
195200.00 7422.60 74043.00
195300.00 7424.60 74088.00
195400.00 7426.60 74133.00
195500.00 7428.60 74178.00
195600.00 7430.60 74223.00
195700.00 7432.60 74268.00
195800.00 7434.60 74313.00
195900.00 7436.60 74358.00
196000.00 7438.60 74403.00
196100.00 7440.60 74448.00
196200.00 7442.60 74493.00
196300.00 7444.60 74538.00
196400.00 7446.60 74583.00
196500.00 7448.60 74628.00
196600.00 7450.60 74673.00
196700.00 7452.60 74718.00
196800.00 7454.60 74763.00
196900.00 7456.60 74808.00
197000.00 7458.60 74853.00
197100.00 7460.60 74898.00
197200.00 7462.60 74943.00
197300.00 7464.60 74988.00
197400.00 7466.60 75033.00
197500.00 7468.60 75078.00
197600.00 7470.60 75123.00
197700.00 7472.60 75168.00
197800.00 7474.60 75213.00
197900.00 7476.60 75258.00
198000.00 7478.60 75303.00
198100.00 7480.60 75348.00
198200.00 7482.60 75393.00
198300.00 7484.60 75438.00
198400.00 7486.60 75483.00
198500.00 7488.60 75528.00
198600.00 7490.60 75573.00
198700.00 7492.60 75618.00
198800.00 7494.60 75663.00
198900.00 7496.60 75708.00
199000.00 7498.60 75753.00
199100.00 7500.60 75798.00
199200.00 7502.60 75843.00
199300.00 7504.60 75888.00
199400.00 7506.60 75933.00
199500.00 7508.60 75978.00
199600.00 7510.60 76023.00
199700.00 7512.60 76068.00
199800.00 7514.60 76113.00
199900.00 7516.60 76158.00
200000.00 7518.60 76203.00
